entropy: 0.113274303497
error: 0.0151515151515
