error(train): 0.114093959732
error(test): 0.168674698795
